1301.01
1301.01
1301.01
3.02
5.02
5.02
3.02
3.02
1301.01
1301.01
1301.01
3.02
5.02
5.02
3.02
3.02
3.01
2.01
2.01
1301.01
5.02
5.02
2.02
2.01
2.01
1301.01
1304.02
1301.01
1301.01
1301.01
5.02
5.02
4.02
8.06
2.02
2.02
4.02
6.01
6.01
2.02
1303
1106.01
1106.01
1.02
1201.05
1106.01
1.02
1.02
1106.01
8.04
8.05
7.04
1.01
1.01
1.02
1401.07
1104.01
1101.04
1201.05
1201.05
811.01
4009
811.02
8.07
8.07
1401.07
1106.07
1106.01
1106.07
1106.07
9810
9810
1201.05
8.04
8.06
8.06
8.06
1404
1104.01
9818
9818
7.03
8.05
4162
1102.01
1404
9811
9815.01
1102.01
1103.01
1201.04
1202.01
1201.03
1201.03
1201.03
1207
1204
1404
9803
819
9811
1103.01
1101.05
1101.05
9803
1202.01
1204
812
810.01
1010.01
1010.01
1011.02
1011.02
1011.01
1011.02
1011.01
9811
809
809
809
103
102.04
101.03
101.03
813.02
806.01
806.01
104.05
104.03
105
104.03
104.03
101.04
104.05
104.05
104.05
101.04
101.04
101.04
101.04
1011.02
1011.02
1001
1001
1001
1001
1001
9803
9803
924
9803
821
819
108.02
108.02
108.02
107.01
107.01
1201.04
9803
9803
819
1103.01
1202.01
1202.01
1010.01
815
814
9803
1203.01
813.01
9818
102.05
102.04
101.04
1010.02
1010.02
1003
1003
1002
924
901
9803
821
901
901
901
820
817
817
818
817
817
818
806.01
803
817
804.01
708.01
709.02
107.01
106
107.02
108.01
406
406
406
1005
903
918
903
709.01
709.01
706
706
1008
705.02
705.01
712.01
711.01
705.02
705.01
705.01
922
918
912
711.01
702.02
9817
703.02
404.01
406
1009
1009
1004
1004
1005
1005
1008
1005
1005
920
922
916
916
806.01
1003
904
702.01
1004
1004
1004
1005
1005
203.01
702.01
9817
702.01
201.01
108.01
913
912
913
912
704.02
701.02
702.02
701.02
404.01
401
401
404.01
404.01
1008
1008
1007
1008
916
910.01
910.01
910.01
911
907
907
907
907
305
305
606.03
509.01
612.01
612.01
612.01
607
612.01
612.03
701.04
701.04
701.04
701.04
701.04
701.04
701.04
701.04
303.02
303.02
303.02
303.02
303.02
302
301
301
1006.01
921.01
910.01
9812.01
612.04
701.04
701.04
701.04
303.02
512
1304.02
1301.01
701.02
701.02
701.02
701.02
303.02
606.04
303.02
909.01
1006.03
606.04
606.04
606.04
501.01
501.01
512
510
1301.01
1.02
3739.01
1304.02
1304.02
1301.01
1301.01
1301.01
1301.01
1301.01
5.02
6.01
2.02
3.02
3.02
2.01
3.02
5.02
5.02
4.01
4.01
4.02
4.02
4.02
4.01
606.03
606.03
502
1105.01
1303
1302
5.03
8.04
1106.07
1106.01
1106.01
6.01
1.02
1106.07
1106.07
1106.07
1106.01
7.03
1.02
1201.05
8.06
1102.01
1103.01
820
820
817
1202.01
7.03
7.03
8.05
7.03
8.05
8.04
8.04
8.04
8.06
1.01
8.04
1401.07
1401.07
1106.07
1105.02
1105.02
1106.07
1104.01
1106.07
1106.07
9810
9810
1201.05
1201.05
8.06
8.06
8.06
1101.04
1201.05
1201.05
1201.05
8.07
8.07
8.06
8.06
1103.01
1102.01
1402.02
1101.05
1202.01
1101.05
1201.03
1201.04
1201.03
1201.03
1204
1204
1204
1204
1207
1204
811.02
1101.05
9811
9811
9803
819
813.02
1202.01
1207
1207
1207
812
811.02
810.01
103
810.01
103
103
101.03
102.04
102.04
1404
9803
9803
810.01
809
809
810.01
103
809
810.01
808.01
103
103
1011.02
1002
1001
101.03
102.04
101.03
1010.01
1010.02
1010.01
1010.01
1010.02
1011.01
1011.01
813.02
813.02
815
104.05
103
103
104.05
101.04
1011.02
1001
1001
9803
924
924
9803
924
1002
924
9803
9803
1103.01
1202.01
9811
9803
1203.01
1203.01
102.04
102.04
1010.01
1003
1003
815
817
104.05
104.04
806.01
104.04
806.01
104.05
104.05
105
105
108.02
107.01
108.02
1002
1002
901
708.02
107.01
107.01
108.02
406
9803
901
820
817
817
817
806.01
1005
917
917
918
806.01
806.01
806.01
804.01
804.01
806.01
708.01
708.01
709.01
105
1005
1005
1005
923
903
801
711.01
711.01
707
106
107.02
107.02
406
406
406
923
914
711.01
707
703.02
703.02
814
1003
1009
1003
1003
1004
1004
1003
1004
923
406
1004
1005
1005
914
9817
701.04
1008
1005
1005
1005
1005
920
920
916
916
912
914
912
203.02
404.01
404.01
401
401
404.01
1008
921.01
916
921.01
910.01
916
916
910.01
910.01
911
907
612.04
701.04
701.04
303.02
701.04
608
612.03
612.03
701.04
701.04
701.04
702.02
701.04
701.04
701.02
701.04
701.04
303.02
701.04
303.02
304
302
301
305
1006.03
921.01
921.01
910.01
910.01
910.01
610
607
607
201.01
9817
203.01
702.02
702.02
702.02
702.01
9817
702.02
907
9817
701.02
303.02
701.04
303.02
701.04
701.04
303.02
303.02
303.02
612.04
304
304
305
305
304
305
606.04
606.04
506
506
504
506
507
501.01
509.01
510
509.01
510
511.01
511.01
1402.02
9811
1304.02
1301.01
1301.01
3.02
3.02
3.02
4.02
3.02
2.01
2.01
2.01
1301.01
5.02
2.01
2.01
2.02
2.01
909.01
9812.02
502
1106.07
9810
5.02
5.02
5.02
5.02
4.02
2.02
6.01
6.01
6.01
2.02
2.02
1302
1106.01
1106.01
5.06
6.01
8.04
8.04
8.04
8.04
8.06
8.06
1106.07
1106.07
7.01
6.01
1.02
1.02
1106.07
1106.07
1106.01
1106.07
8.04
8.04
8.04
1.02
1401.07
1401.07
1401.07
1401.07
1104.01
1105.02
1106.07
1106.07
1106.07
1201.05
7.03
7.03
8.05
1404
1101.04
1105.01
9818
7.03
8.07
8.06
1103.01
1404
1102.01
9810
1011.02
1204
1201.03
1204
1207
1207
811.02
8.07
8.07
8.07
1010.01
813.02
104.05
1101.05
1202.01
1202.01
1204
810.01
103
101.03
101.03
1404
9811
1101.05
812
103
808.01
102.04
102.04
101.03
1010.01
1010.02
1010.01
1011.02
1011.02
1011.02
1203.01
1203.01
1001
924
924
9803
813.02
813.02
815
813.02
808.01
103
101.04
101.04
101.04
8.05
8.05
8.06
9811
1103.01
1101.05
1202.01
1203.01
1203.01
1203.01
1203.01
102.05
9803
813.02
813.02
813.02
813.02
1002
1002
1001
1001
1001
818
818
817
817
107.01
107.01
102.06
105
107.01
709.02
709.02
104.05
106
108.01
406
108.02
901
901
901
901
821
821
818
612.03
711.01
707
703.01
912
1003
924
923
923
923
1005
902
902
902
903
706
706
107.02
106
108.01
107.02
107.02
108.01
406
406
1009
923
917
918
914
914
711.01
711.01
705.01
1010.02
1010.02
815
1003
1003
1005
1004
919
919
904
1005
914
1008
1008
1004
1005
1008
1005
922
922
608
612.03
612.03
909.01
611.01
912
702.02
701.04
9817
701.02
401
401
404.01
701.04
701.04
511.01
1006.01
1006.01
921.01
921.01
916
910.01
910.01
911
911
911
907
907
612.01
701.04
701.04
701.04
701.04
701.04
701.04
303.02
303.02
701.04
701.04
303.02
203.04
304
408.01
1006.03
1006.03
9812.01
702.01
702.01
702.01
201.01
9817
203.01
203.01
612.02
702.01
702.01
702.02
702.02
702.02
9817
303.02
606.03
606.04
701.04
303.02
606.02
607
607
701.04
701.04
303.01
701.04
305
1006.03
606.03
606.04
504
505
506
506
502
512
1301.01
2.01
510
511.01
1304.02
1304.02
1304.02
1301.01
5.02
3.01
2.01
2.01
2.01
1301.01
2.01
2.02
606.03
303.02
909.01
909.01
909.01
502
5.02
5.02
3.02
6.04
7.04
7.03
7.03
7.03
1.01
5.02
4.02
5.03
5.03
5.03
4.02
2.02
1106.01
1106.01
5.03
4.01
6.01
6.01
1106.01
1106.01
1106.01
5.05
7.01
6.01
6.01
6.04
8.04
6.01
8.05
1.02
1106.07
1106.07
1106.01
1106.01
8.04
8.06
1401.07
1106.07
1101.04
1106.07
1101.04
1101.04
1201.05
1207
811.01
7.03
7.03
7.03
8.04
1.01
8.06
8.06
8.06
1105.01
1201.04
1102.01
1201.03
9818
1201.05
9818
8.06
1102.01
1102.01
9811
1201.04
9803
811.01
1204
1202.01
1201.04
1204
1204
1204
810.01
8.07
9811
9811
1101.05
9803
810.01
810.01
103
103
101.03
102.04
101.03
1404
1404
1404
9811
9811
9811
104.05
104.05
105
812
812
812
809
103
810.01
808.01
102.04
102.04
1010.01
821
820
1010.02
1011.01
1011.02
9811
9803
1203.01
813.01
1102.01
1202.01
8.07
1203.01
1203.01
9818
102.04
102.05
102.04
9803
815
103
9818
104.05
103
101.04
101.04
1011.02
1001
1001
1001
1001
1001
1001
1001
924
924
9803
815
817
817
104.05
101.04
107.01
701.02
701.02
701.02
9815.01
1002
1002
820
817
817
819
817
817
804.01
817
817
804.01
805
104.05
105
106
1005
903
918
903
1004
1004
711.01
707
706
706
107.02
106
106
108.01
406
406
406
1009
1005
917
712.01
813.02
102.06
102.06
701.02
701.02
701.02
1003
1004
1004
1004
1003
919
904
701.02
1004
1004
1005
914
705.01
107.02
9817
9817
404.01
404.01
406
406
1008
1008
1005
922
922
922
920
916
907
704.02
916
910.01
910.01
911
606.02
503
907
701.04
606.04
404.01
401
401
404.01
403
1007
1007
1008
921.01
921.01
922
921.01
612.01
608
612.01
612.01
701.04
701.04
701.04
701.04
701.04
303.02
303.02
303.02
303.02
303.02
303.02
303.02
203.04
302
302
305
910.01
921.01
9812.01
203.01
203.01
203.01
701.04
702.02
702.02
606.03
606.04
303.02
303.02
303.02
612.03
701.04
303.02
303.02
909.01
9812.01
9812.01
607
606.01
606.02
612.04
606.04
701.04
701.04
701.04
3.01
2.01
2.01
303.02
701.04
303.02
304
1006.03
9812.01
506
506
506
502
501.01
512
505
507
509.01
509.01
510
511.01
511.01
1301.01
1304.02
1304.02
1301.01
1301.01
3.01
1.02
1.02
1106.07
1106.07
1006.03
909.01
909.01
909.01
606.03
503
1301.01
5.02
5.02
5.02
2.02
2.01
2.01
2.01
2.01
6.01
6.01
6.01
1.02
1.02
4.02
4.02
5.02
4.01
4.02
2.02
2.02
6.01
2.02
2.02
1303
1303
1106.07
1106.01
1106.07
1106.01
6.03
1106.07
1106.07
1106.01
1106.01
1106.01
1106.07
7.03
7.03
6.04
8.04
8.04
8.05
1.02
1.01
8.06
1101.04
1101.04
1101.04
1101.04
1204
1207
1401.07
1106.07
1106.07
1104.01
1101.04
1106.07
9810
8.04
1104.01
1105.01
9818
9818
7.03
8.07
8.06
8.06
8.06
8.06
9811
9811
1102.01
1202.01
1202.01
1204
1201.04
1201.04
1201.03
1204
1207
1207
1207
1204
811.02
9811
9811
1101.05
9803
1204
812
103
3533
101.03
9803
9803
819
813.02
813.02
815
817
812
809
809
808.01
808.01
809
808.01
808.01
103
103
1010.01
1010.02
1010.02
1011.02
1011.02
1011.01
1011.01
9811
813.02
104.05
103
104.04
101.04
101.04
101.04
9811
1103.01
1101.05
9811
1202.01
1202.01
1202.01
1203.01
1203.01
9818
9818
102.05
9803
904
904
904
9818
1011.02
1011.02
1011.01
1011.02
1002
9803
1001
1001
9803
9803
9803
9803
9803
821
821
821
9803
104.05
105
804.01
804.01
203.05
203.05
108.02
108.02
105
107.01
1003
1002
1003
9803
901
821
821
901
901
902
821
820
820
817
817
817
817
817
818
806.01
817
817
804.01
708.02
106
107.02
406
902
902
902
903
1005
1005
917
804.01
711.01
711.01
707
107.02
107.02
107.02
108.01
406
914
914
705.01
703.02
1010.02
1010.02
1010.02
1003
1004
1005
818
1005
608
608
608
612.01
612.03
612.03
703.02
404.01
406
406
1008
1004
1004
1004
922
922
922
915
915
912
1008
704.02
702.01
701.04
701.02
701.04
701.02
404.01
401
401
1008
303.02
304
304
304
203.05
302
203.04
305
301
408.01
920
921.01
921.01
910.01
911
612.01
612.01
612.01
907
612.04
702.02
701.04
701.04
701.04
701.04
701.02
303.02
701.04
303.02
921.01
612.04
612.03
612.03
107.02
9817
9817
703.02
203.01
702.01
702.01
702.01
702.01
701.02
702.02
303.02
203.01
203.05
303.02
907
303.02
502
606.01
612.04
606.02
612.04
701.04
303.01
304
305
1006.03
909.01
9812.01
606.03
606.03
506
506
507
1304.02
1304.02
1304.02
1301.01
5.05
7.01
512
502
510
511.01
9816
1301.01
3.01
3.01
3.01
1301.01
1301.01
1301.01
5.02
5.02
909.01
909.01
909.01
502
6.04
6.01
2.01
5.02
5.02
2.02
1106.01
6.03
6.01
1.02
1.02
1106.07
5.05
6.01
8.04
1.02
1.02
8.05
8.04
8.04
1106.07
1106.07
1106.07
1106.07
7.03
7.03
8.04
8.04
7.03
1.01
1.02
8.06
1.01
1104.01
1404
1101.04
1101.04
9818
1201.05
8.05
7.03
8.06
8.06
1102.01
1103.01
815
815
1101.04
1201.04
1202.01
1202.01
1201.04
1201.04
1201.03
1201.03
1204
811.01
811.02
9811
9811
1101.05
1202.01
811.01
102.04
101.03
101.03
1010.01
1010.02
1011.02
810.01
810.01
810.01
810.01
103
103
101.03
102.04
102.04
101.03
812
812
809
809
808.01
808.01
103
815
817
817
817
817
709.01
709.02
712.01
104.05
104.05
101.04
101.04
1011.02
1001
1001
1001
1201.04
8.05
1102.01
1102.01
1102.01
1101.04
1202.01
1202.01
102.05
102.05
102.04
1010.01
9803
9818
9818
9803
9803
813.02
814
814
1010.02
1001
924
9803
924
9803
821
815
817
819
819
817
817
817
104.05
105
108.02
108.02
107.01
3531.02
1002
1003
924
821
821
901
901
902
820
820
820
902
902
820
820
819
804.01
401
804.01
804.01
804.01
806.01
806.01
708.01
709.01
106
107.02
1003
1005
804.01
711.01
709.02
705.02
707
703.01
107.02
106
406
406
406
915
915
914
711.01
711.01
705.02
705.01
712.01
705.01
1004
1004
923
923
919
1004
1004
1005
1005
9817
403
404.01
404.01
406
406
1004
1008
1008
922
922
920
920
907
907
612.01
914
913
712.01
701.04
701.04
606.03
1008
921.01
921.01
921.01
921.01
916
916
916
916
911
911
911
608
612.03
701.04
701.04
701.04
701.04
701.04
303.02
701.04
303.02
303.02
701.04
302
302
304
303.02
305
408.01
408.01
1006.01
1006.03
1006.03
921.01
9812.01
9812.01
9817
702.01
203.01
702.01
704.02
702.01
702.01
702.02
9817
701.02
701.02
701.04
701.04
303.02
303.02
606.01
606.01
606.01
612.04
612.04
303.02
303.02
303.01
701.04
305
1006.03
512
503
503
506
505
9816
9803
2.01
506
503
503
506
506
501.01
501.01
501.01
509.01
1304.02
1301.01
1301.01
4.02
2.01
3.02
2.01
1301.01
1301.01
5.02
3.02
3.01
3.01
606.04
1006.03
909.01
909.01
2.01
1.02
5.03
4.02
6.01
4.02
4.01
2.01
2.02
2.02
2.02
1302
4.01
4.01
2.02
6.01
1106.01
6.01
1104.01
1101.04
1106.07
1106.01
8.04
7.04
8.04
8.05
8.05
1.01
8.04
8.04
8.06
1105.02
9810
9810
1201.03
1201.03
9811
9810
1201.05
7.03
8.06
8.06
8.06
9807
1105.01
1105.01
1103.01
1404
1201.05
1204
1201.04
1201.03
1207
1207
1201.05
8.07
8.07
8.06
1102.01
1103.01
1101.05
1101.04
1101.05
1201.04
1202.01
9811
101.04
101.04
1101.05
1202.01
815
1204
1207
812
810.01
810.01
810.01
810.01
103
103
103
4001
102.04
102.04
1404
1404
809
103
103
103
102.04
101.03
1010.02
1010.02
1011.02
1011.01
1011.02
1011.01
1203.01
1203.01
813.02
101.04
101.04
107.01
104.05
103
103
1402.02
9811
1103.01
1201.04
9803
9818
9818
9818
102.04
9803
9803
813.01
813.02
1004
1011.02
1011.02
1002
923
923
923
924
924
924
9803
815
817
104.05
806.01
101.04
101.04
108.02
108.02
107.01
108.02
1002
1003
1003
1003
924
901
821
901
901
820
819
817
817
817
818
806.01
806.01
806.01
805
804.01
806.01
708.02
709.02
107.01
107.01
108.01
1003
1005
1005
705.02
706
703.01
705.02
712.01
916
912
913
902
903
903
804.01
709.01
711.01
711.01
711.01
106
703.02
707
107.02
107.02
9817
203.01
406
406
406
1009
914
711.01
712.01
712.01
923
814
806.01
806.01
1003
919
406
914
303.02
303.02
9817
702.01
9817
403
403
404.01
406
1004
1005
1005
1005
922
920
916
916
303.02
302
303.02
302
712.01
704.02
702.02
702.02
701.04
401
909.01
504
505
910.01
612.01
612.01
612.01
612.03
612.03
612.04
701.04
701.04
701.04
303.02
303.02
303.02
303.02
303.02
302
302
303.02
304
1006.01
1006.03
921.01
9812.01
203.01
203.01
606.04
612.02
612.02
702.02
701.02
701.02
701.04
702.02
401
907
701.04
303.02
303.02
607
606.01
612.04
612.04
701.04
303.02
303.01
303.01
303.01
701.04
303.01
305
305
606.02
606.03
606.03
606.03
502
512
509.01
510
510
3731
3.01
5.02
4.02
1301.01
1304.02
1301.01
1301.01
1301.01
1301.01
4.02
2.01
2.01
1301.01
2.02
2.02
2.02
606.04
606.03
606.03
503
1301.01
5.02
4.02
2.02
4.02
2.02
2.02
2.02
2.02
1303
1303
6.03
1106.07
1302
1106.07
4.01
5.06
6.01
6.01
2.02
1.02
1.02
1106.01
6.03
7.01
6.01
7.03
8.05
1.02
6.01
1.02
1401.02
1401.02
1401.07
1106.07
1106.01
1106.07
1106.07
1106.07
1101.04
1101.04
1105.02
1105.02
1105.02
1101.04
1106.01
9810
1201.05
1201.05
7.03
8.04
8.04
8.04
8.04
8.06
1105.01
9811
1104.01
1201.03
1201.05
1101.04
1101.05
1201.04
1201.03
8.06
9815.01
1102.01
1204
1204
1204
1207
1204
1204
1204
9811
102.04
8.07
102.04
102.04
102.04
102.04
102.04
1101.05
9803
1202.01
1202.01
1204
1204
103
108.02
1207
810.01
103
1404
1010.01
1010.01
1011.02
9803
104.05
812
812
103
101.03
102.04
1010.01
1010.01
1010.01
9803
819
813.02
815
815
815
101.03
101.04
101.03
101.04
1201.04
1102.01
9811
102.04
8.07
9803
1202.01
1010.01
1010.02
9803
1203.01
9818
102.04
102.04
102.04
1010.01
813.02
1011.02
1011.02
1002
1001
1001
9803
924
9803
821
815
817
104.04
104.04
104.04
806.01
105
101.04
101.04
108.02
804.01
804.01
708.01
108.02
108.02
1003
1003
107.02
406
901
901
901
901
901
902
901
902
902
820
819
819
817
804.01
804.01
804.01
105
106
106
107.02
911
1003
1005
924
923
1005
902
903
709.01
712.01
705.01
712.01
712.01
706
107.02
107.02
107.02
9815.01
1009
1008
1009
1005
917
705.01
1010.02
814
1003
1003
1003
105
1004
1004
1004
1005
923
1005
1004
1004
1004
712.01
702.02
701.02
701.02
403
404.01
406
406
406
1009
1005
1005
1005
1005
913
701.04
701.02
604
701.02
404.01
403
1007
1008
916
920
916
910.01
910.01
911
907
401
907
612.01
612.03
612.03
612.03
612.03
701.04
701.04
701.04
701.04
701.04
701.02
303.02
303.02
701.04
701.04
303.02
303.02
303.02
302
1006.01
921.01
1006.03
1006.03
921.01
611.01
9812.01
108.01
203.01
203.01
702.01
701.02
303.02
203.05
612.03
612.03
701.04
303.02
701.04
701.04
606.04
701.04
701.04
304
1006.03
506
502
702.01
702.01
702.01
702.01
909.01
606.03
606.04
9812.02
606.04
506
505
506
506
506
512
507
511.01
702.01
702.01
702.01
702.02
711.01
801
106
203.05
203.05
305
5.02
203.01
203.04
203.05
203.05
203.05
203.05
203.05
203.04
203.01
203.05
203.04
1402.01
1402.02
9803
503
702.01
702.01
909.01
606.03
612.03
203.04
203.05
203.05
9803
9803
1203.01
9803
203.05
9815.01
9815.01
406
9810
203.01
9815.01
1201.04
4009
9807
1008
1006.03
909.01
9812.01
707
806.01
9807
9807
9807
9809
9810
9818
9815.01
909.01
9810
1008
1008
1007
1007
1007
1007
9815.01
9818
506
102.04
102.04
404.01
305
505
505
506
504
504
504
512
512
612.04
606.04
203.01
1006.03
408.01
1106.07
1006.03
201.01
9815.01
9818
9818
9818
9818
9818
1402.01
408.01
408.01
8.04
8.04
8.04
203.01
701.04
9815.01
1201.05
9812.02
9812.02
9812.02
9812.02
9812.01
612.02
703.01
9807
1201.04
9815.01
922
1006.03
9812.01
507
510
9812.01
9812.01
9812.01
1404
9818
506
506
506
506
505
505
509.01
9813
606.04
9812.02
9803
505
505
9813
505
505
505
507
507
507
507
4001
408.01
408.01
408.01
408.01
408.01
804.01
806.01
1202.01
203.05
305
909.01
909.01
401
1008
1402.01
612.03
203.01
509.01
501.01
503
503
503
512
512
9813
9813
9801.01
9801.01
9801.01
9801.01
9801.01
9801.01
9801.01
9801.01
9801.01
9801.01
9801.01
9801.01
9801.01
9801.01
9801.01
9801.01
9801.01
9801.01
9801.01
9801.01
9801.01
9801.01
9801.01
9801.01
9801.01
9801.01
9801.01
9801.01
9801.01
9801.01
9801.01
9801.01
9801.01
9801.01
9801.01
9801.01
9801.01
9801.01
9801.01
9801.01
9801.01
9801.01
9801.01
9801.01
9801.01
9801.01
9801.01
9801.01
9801.01
9801.01
9801.01
9801.01
9801.01
9801.01
9801.01
9801.01
9801.01
9801.01
9801.01
9801.01
9801.01
9801.01
9816
9816
9816
9816
9816
9816
9816
1201.04
910.01
9812.01
922
408.01
9815.01
606.04
606.04
612.04
4008
701.04
9818
9812.01
9812.01
305
9818
9812.01
9812.01
3521.01
203.05
305
203.05
9818
104.05
404.01
806.01
1404
9803
9803
806.01
305
101.04
9818
806.01
711.01
801
101.04
101.04
203.01
1301.01
1301.01
1301.01
1301.01
1301.01
4012.01
303.02
303.01
404.01
404.01
8.06
9816
910.01
305
9818
9815.01
9810
9818
102.04
9818
701.04
9812.01
9812.01
606.04
9818
606.04
509.01
503
1201.04
9810
9810
9810
104.05
9812.02
9815.01
9818
203.05
404.01
404.01
402
909.01
612.03
9818
9818
9818
9818
408.01
408.01
509.01
9812.01
9818
806.01
9812.01
9815.01
9815.01
203.01
404.01
401
9816
9816
9812.01
1402.01
712.01
203.01
801
9818
102.04
9812.02
703.02
711.01
9818
9815.01
203.01
9815.01
3539
9815.01
9815.01
9815.01
9815.01
9815.01
9815.01
9815.01
9815.01
9815.01
9815.01
9815.01
9815.01
9815.01
9815.01
9815.01
9815.01
9815.01
203.01
203.01
404.01
907
907
9807
9807
9807
9807
9807
612.04
612.04
404.01
404.01
404.01
9812.01
9812.01
9812.01
1008
909.01
505
507
1010.02
1010.02
806.01
1007
1007
9815.01
9818
806.01
505
9813
9813
9813
806.01
806.01
512
504
503
512
504
509.01
511.01
511.01
511.01
511.01
511.01
511.01
511.01
511.01
511.01
510
511.01
511.01
511.01
9818
9818
512
512
9818
401
408.01
606.04
606.04
606.04
9803
9803
9818
9818
1201.04
102.04
8.06
8.06
5.02
8.04
1.02
1.02
1.02
8.06
8.06
8.04
8.04
909.01
909.01
909.01
909.01
909.01
909.01
909.01
909.01
909.01
909.01
909.01
909.01
909.01
909.01
101.03
1102.01
9811
9815.01
9815.01
9815.01
606.04
9818
612.03
1006.03
1006.03
1006.03
1006.03
1006.03
1006.03
1006.03
1006.03
1006.03
1006.03
1006.03
1006.03
1006.03
1007
1007
1007
1007
1007
1007
1007
1007
1007
1007
1007
1007
1007
1007
1007
9809
9809
9809
9809
9809
9809
9809
9809
9809
9809
9809
9809
9809
9809
9809
9809
9809
9809
9809
9809
9809
9809
9809
9809
9809
9809
9818
102.05
3501.06
8.06
9815.01
8.04
8.04
8.04
1010.02
104.05
104.05
1402.02
4164
1009
102.05
203.01
203.01
102.06
